[header]
width=64
height=64
tilewidth=22
tileheight=22
orientation=orthogonal

[tilesets]
tileset=spritesheet_rgba.png,22,22,0,0

[layer]
type=块层 1
data=
0,0,0,0,0,0,0,0,0,0,0,0,0,0,0,0,0,0,0,41,41,41,41,41,41,0,0,0,0,0,0,0,0,0,0,0,0,0,0,0,0,0,0,0,0,0,0,0,0,0,0,0,0,0,0,0,0,0,0,0,0,0,0,0,
0,0,0,0,0,0,0,0,0,0,0,0,0,0,0,0,0,0,0,41,41,41,41,41,41,0,0,0,0,0,0,0,0,0,0,0,0,0,0,0,0,0,0,0,0,0,0,0,0,0,0,0,0,0,0,0,0,0,0,0,0,0,0,0,
0,0,0,0,0,0,0,0,0,0,0,0,0,0,0,0,0,0,0,41,41,41,41,41,41,0,0,0,0,0,0,0,0,0,0,0,0,0,0,0,0,0,0,0,0,0,0,0,0,0,0,0,0,0,0,0,0,0,0,0,0,0,0,0,
0,0,0,0,0,0,0,0,0,0,0,0,0,0,0,0,0,0,0,41,41,41,41,41,41,0,0,0,0,0,0,0,0,0,0,0,0,0,0,0,0,0,0,0,0,0,0,0,0,0,0,0,0,0,0,0,0,0,0,0,0,0,0,0,
0,0,0,0,0,0,0,0,0,0,0,0,0,0,0,0,0,0,0,41,41,41,41,41,41,0,0,0,0,0,0,0,0,0,0,0,0,0,0,0,0,0,0,0,0,0,0,0,0,0,0,0,0,0,0,0,0,0,0,0,0,0,0,0,
0,0,0,0,0,0,0,0,0,0,0,0,0,0,0,0,0,0,0,41,41,41,41,41,41,0,0,0,0,0,0,0,0,0,0,0,0,0,0,0,0,0,0,0,0,0,0,0,0,0,0,0,0,0,0,0,0,0,0,0,0,0,0,0,
0,0,0,0,0,0,0,0,0,0,0,0,0,0,0,0,0,0,0,41,41,41,41,41,41,0,0,0,0,0,0,0,0,0,0,0,0,0,0,0,0,0,0,0,0,0,0,0,0,0,0,0,0,0,0,0,0,0,0,0,0,0,0,0,
0,0,0,0,0,0,0,0,0,0,0,0,0,0,0,0,0,0,0,41,41,41,41,41,41,0,0,0,0,0,0,0,0,0,0,0,0,0,0,0,0,0,0,0,0,0,0,0,0,0,0,0,0,0,0,0,0,0,0,0,0,0,0,0,
0,0,0,0,0,0,0,0,0,0,0,0,0,0,0,0,0,0,0,41,41,41,41,41,41,0,0,0,0,0,0,0,0,0,0,0,0,0,0,0,0,0,0,0,0,0,0,0,0,0,0,0,0,0,0,0,0,0,0,0,0,0,0,0,
0,0,0,0,0,0,0,0,0,0,0,0,0,0,0,0,0,0,0,41,41,41,41,41,41,0,0,0,0,0,0,0,0,0,0,0,0,0,0,0,0,0,0,0,0,0,0,0,0,0,0,0,0,0,0,0,0,0,0,0,0,0,0,0,
0,0,0,0,0,0,0,0,0,0,0,0,0,0,0,0,0,0,0,41,41,41,41,41,41,0,0,0,0,0,0,0,0,0,0,0,0,0,0,0,0,0,0,0,0,0,0,0,0,0,0,0,0,0,0,0,0,0,0,0,0,0,0,0,
0,0,0,0,0,0,0,0,0,0,0,0,0,0,0,0,0,0,0,41,41,41,41,41,41,0,0,0,0,0,0,0,0,0,0,0,0,0,0,0,0,0,0,0,0,0,0,0,0,0,0,0,0,0,0,0,0,0,0,0,0,0,0,0,
0,0,0,0,0,0,0,0,0,0,0,0,0,0,0,0,0,0,0,41,41,41,41,41,41,0,0,0,0,0,0,0,0,0,0,0,0,0,0,0,0,0,0,0,0,0,0,0,0,0,0,0,0,0,0,0,0,0,0,0,0,0,0,0,
0,0,0,0,0,0,0,0,0,0,0,0,0,0,0,0,0,0,0,41,41,41,41,41,41,0,0,0,0,0,0,0,0,0,0,0,0,0,0,0,0,0,0,0,0,0,0,0,0,0,0,0,0,0,0,0,0,0,0,0,0,0,0,0,
0,0,0,0,0,0,0,0,0,0,0,0,0,0,0,0,0,0,0,41,41,41,41,41,41,0,0,185,185,185,185,0,0,0,0,0,0,0,0,0,0,0,0,0,0,0,0,0,0,0,0,0,0,0,0,0,0,0,0,0,0,0,0,0,
0,0,0,0,0,0,0,0,0,0,0,0,0,0,0,0,0,0,0,41,41,41,41,41,41,0,0,0,0,0,0,0,185,185,0,0,0,0,0,0,0,0,0,0,0,0,0,0,0,0,0,0,0,0,0,0,0,0,0,0,0,0,0,0,
0,0,0,0,0,0,0,0,0,0,0,0,0,0,0,0,0,0,0,41,41,41,41,41,41,0,0,0,0,0,0,0,0,0,185,0,257,0,0,0,0,0,0,0,0,0,0,0,0,0,0,0,0,0,0,0,0,0,0,0,0,0,0,0,
0,0,0,0,0,0,0,0,0,0,0,0,0,0,0,0,0,0,0,41,41,41,41,41,41,0,0,0,0,0,0,0,0,0,0,0,185,0,0,0,0,0,0,0,0,0,0,0,0,0,0,0,0,0,0,0,0,0,0,0,0,0,0,0,
0,0,0,0,0,0,0,0,0,0,0,0,0,0,0,0,0,0,0,41,41,41,41,41,41,0,0,0,0,0,0,0,0,0,0,0,0,0,185,185,0,0,0,0,0,0,0,0,0,0,0,0,0,0,0,0,0,0,0,0,0,0,0,0,
0,0,0,0,0,0,0,0,0,0,0,0,0,0,0,0,0,0,0,41,41,41,41,41,41,0,0,0,0,0,0,0,0,0,0,0,0,0,0,0,0,185,0,0,0,257,0,0,0,0,0,0,0,0,0,0,0,0,0,0,0,0,0,0,
0,0,0,0,0,0,0,0,0,0,0,0,0,0,0,0,0,0,0,41,41,41,41,41,41,0,0,0,0,0,0,0,0,0,0,0,0,0,0,0,0,0,185,0,185,185,0,0,0,0,0,0,0,0,0,0,0,0,0,0,0,0,0,0,
0,0,0,0,0,0,0,0,0,0,0,0,0,0,0,0,0,0,0,41,41,41,41,41,41,0,0,0,0,0,0,0,0,0,0,0,0,0,0,0,0,0,0,0,0,0,185,0,0,0,0,0,0,0,0,0,0,0,0,0,0,0,0,0,
0,0,0,0,0,0,0,0,0,0,0,0,0,0,0,0,0,0,0,41,41,41,41,41,41,0,0,0,0,0,0,0,0,0,0,0,0,0,0,0,0,0,0,0,0,0,0,0,185,0,0,0,0,0,0,0,0,0,0,0,0,0,0,0,
0,0,0,0,0,0,0,0,0,0,0,0,0,0,0,0,0,0,0,41,41,41,41,41,41,0,0,0,0,0,0,0,0,0,0,0,0,0,0,0,0,0,0,0,0,0,0,0,0,185,0,0,0,0,0,0,0,0,0,0,0,0,0,0,
0,0,0,0,0,0,0,0,0,0,0,0,0,0,0,0,0,0,0,41,41,41,41,41,41,0,0,0,0,0,0,0,0,0,0,0,0,0,0,0,0,0,0,0,0,0,0,0,0,0,0,0,0,0,0,0,0,0,0,0,0,0,0,0,
0,0,0,0,0,0,0,0,0,0,0,0,0,0,0,0,0,0,0,41,41,41,41,41,41,0,0,0,0,0,0,0,0,0,0,0,0,0,0,0,0,0,0,0,0,0,0,0,0,0,0,185,0,0,0,0,0,0,0,0,0,0,0,0,
0,0,0,0,0,0,0,0,0,0,0,0,0,0,0,0,0,0,0,41,41,41,41,41,41,0,0,0,0,0,0,0,0,0,0,0,0,0,0,0,0,0,0,0,0,0,0,0,0,0,0,0,185,0,257,0,0,0,0,0,0,0,0,0,
0,0,0,0,0,0,0,0,0,0,0,0,0,0,0,0,0,0,0,41,41,41,41,41,41,0,0,0,0,0,0,0,0,0,0,0,0,0,0,0,0,0,0,0,0,0,0,0,0,0,0,0,0,0,185,185,185,0,0,0,0,0,0,0,
0,0,0,0,0,0,0,0,0,0,0,0,0,0,0,0,0,0,0,41,41,41,41,41,41,0,0,0,0,0,0,0,0,0,0,0,0,0,0,0,0,0,0,0,0,0,0,0,0,0,0,0,0,0,0,0,0,0,0,0,0,0,0,0,
0,0,0,0,0,0,0,0,0,0,0,0,0,0,0,0,0,0,0,41,41,41,41,41,41,0,0,0,0,0,0,0,0,0,0,0,0,0,0,0,0,0,0,0,0,0,0,0,0,0,0,0,0,0,0,0,0,0,0,0,0,0,0,0,
0,0,0,0,0,0,0,0,0,0,0,0,0,0,0,0,0,0,0,41,41,41,41,41,41,0,0,0,0,0,0,0,0,0,0,0,0,0,0,0,0,0,0,0,0,0,0,0,0,0,0,0,0,0,0,0,0,0,0,0,0,0,0,0,
0,0,0,0,0,0,0,0,0,0,0,0,0,0,0,0,0,0,0,41,41,41,41,41,41,0,0,0,0,0,0,0,0,0,0,0,0,0,0,0,0,0,0,0,0,0,0,0,0,0,0,0,0,0,0,0,0,0,0,0,0,0,0,0,
0,0,0,0,0,0,0,0,0,0,0,0,0,0,0,0,0,0,0,41,41,41,41,41,41,0,0,0,0,0,0,0,0,0,0,0,0,0,0,0,256,0,0,185,185,185,185,185,185,185,185,185,185,185,185,185,185,41,41,185,185,185,185,185,
0,0,0,0,0,0,0,0,0,0,0,0,0,0,0,0,0,0,0,41,41,41,41,41,41,0,0,0,0,0,0,0,0,0,0,0,0,0,0,185,185,185,0,212,213,213,213,213,213,213,213,213,213,213,213,213,213,41,41,213,213,213,213,213,
0,0,0,0,0,0,0,0,0,0,0,0,0,0,0,0,0,0,0,41,41,41,41,41,41,0,0,0,0,0,0,0,0,0,0,0,0,0,0,0,0,0,0,215,213,213,213,213,213,213,213,213,213,223,223,213,213,41,41,213,213,213,213,213,
0,0,0,0,0,0,0,0,0,0,0,0,0,0,0,0,0,0,0,41,41,41,41,41,41,0,0,0,0,0,0,0,0,0,0,0,0,185,0,0,0,0,185,213,213,213,213,213,213,213,213,223,213,213,213,213,213,41,41,213,223,213,223,213,
0,0,0,0,0,0,0,0,0,0,0,0,0,0,0,0,0,0,0,41,41,41,41,41,41,0,0,0,0,0,0,0,0,0,0,0,0,0,0,0,0,0,212,213,213,213,213,223,223,223,213,213,213,223,213,223,213,41,41,213,213,213,213,213,
0,0,0,0,0,0,0,0,0,0,0,0,0,0,0,0,0,0,0,41,41,41,41,41,41,0,0,0,0,0,0,0,0,0,0,185,0,0,0,0,0,185,213,213,213,223,213,213,213,213,213,213,213,223,213,213,213,41,41,213,213,213,213,213,
0,0,0,0,0,0,0,0,0,0,0,0,0,0,0,0,0,0,0,41,41,41,41,41,41,0,0,0,0,0,0,0,185,185,0,0,0,0,0,185,185,213,213,213,213,213,213,213,213,213,213,213,213,213,213,213,213,41,41,213,760,213,213,223,
0,0,0,0,0,0,0,0,0,0,0,0,0,0,0,0,0,0,0,41,41,41,41,41,41,0,0,256,0,0,185,185,0,0,0,0,0,0,185,213,213,213,213,213,213,213,223,213,213,213,213,213,213,218,217,213,213,41,41,213,213,213,213,213,
0,0,0,0,0,0,0,0,0,0,0,0,0,0,0,0,0,0,0,41,41,41,41,41,41,0,185,185,185,0,0,0,0,0,0,0,185,185,213,213,213,213,223,223,213,213,213,223,213,213,213,213,335,213,213,213,213,41,41,213,213,760,213,213,
0,0,0,0,0,0,0,0,0,0,0,0,0,0,0,0,0,0,0,41,41,41,41,41,41,0,0,0,0,0,0,0,0,0,0,185,213,213,213,213,213,223,223,213,213,213,213,213,213,213,213,335,213,213,223,223,213,41,41,213,213,223,213,213,
0,0,0,0,0,0,0,0,0,0,0,0,0,0,0,0,0,0,0,41,41,41,41,41,185,0,0,0,0,0,0,0,0,0,185,213,213,213,213,213,223,213,213,213,213,213,213,213,213,213,213,213,213,213,223,213,213,41,41,213,213,223,213,213,
0,0,0,0,0,0,0,0,0,0,0,0,0,0,0,0,0,0,0,41,41,41,41,41,41,0,0,0,0,0,0,0,0,185,213,213,213,213,213,223,223,213,213,213,213,213,213,213,213,213,213,213,213,213,223,213,213,41,41,213,213,223,213,213,
0,0,0,0,0,0,0,0,0,0,0,0,0,0,0,0,0,0,0,41,41,185,185,41,41,0,0,0,0,0,0,0,185,213,213,213,223,223,213,213,213,213,213,213,213,223,213,213,213,213,213,213,213,213,213,213,213,41,41,213,213,213,213,213,
0,0,0,0,0,0,0,0,0,0,0,0,0,0,0,0,0,0,183,183,41,41,41,41,41,0,0,0,0,0,0,185,213,213,213,213,223,223,223,223,213,213,213,760,213,213,213,213,213,213,223,213,213,213,213,213,213,41,41,213,213,213,213,223,
0,0,0,0,0,0,0,0,0,0,0,0,0,256,0,183,183,0,0,41,41,41,41,41,41,0,0,0,0,185,185,213,213,213,213,213,213,213,213,213,213,213,213,213,213,213,213,213,223,213,213,213,213,213,213,213,213,41,41,213,213,223,213,213,
0,0,0,0,0,0,0,0,0,0,0,0,183,183,0,0,0,0,0,41,41,41,41,41,41,0,0,0,185,213,213,213,213,213,213,213,213,213,213,213,760,760,760,213,213,223,213,213,213,213,213,213,213,213,213,213,213,41,41,213,213,213,213,223,
0,0,0,0,0,0,0,0,0,0,0,183,0,0,0,0,0,0,0,41,41,41,41,41,41,0,0,185,213,213,213,213,213,213,213,223,223,213,213,213,760,760,213,213,223,213,213,213,213,213,213,213,223,213,213,213,213,41,41,213,213,223,223,213,
0,0,0,0,0,0,0,0,0,183,183,0,0,0,0,0,0,0,0,41,41,41,41,41,41,0,185,213,213,213,213,213,223,223,223,213,213,213,213,213,213,213,213,213,213,760,760,760,213,213,213,213,213,213,213,213,213,41,41,213,213,213,213,213,
0,0,0,0,256,0,0,0,0,0,0,0,0,0,0,0,0,0,0,41,41,41,41,41,41,213,213,213,213,213,213,213,213,213,213,213,213,213,213,213,213,213,213,213,213,213,213,213,213,213,213,213,213,760,213,213,213,41,41,213,213,213,213,213,
0,0,0,0,183,183,0,0,0,0,0,0,0,0,0,0,0,0,0,41,41,41,41,41,41,213,213,213,213,213,213,213,213,213,213,213,213,213,213,213,213,213,213,213,213,213,213,213,213,213,213,213,213,213,213,213,213,41,41,213,213,213,213,213,
183,183,183,183,215,223,183,183,183,183,183,183,183,183,183,183,183,183,183,183,183,183,183,183,183,183,183,183,183,183,183,183,183,183,183,183,183,183,183,183,183,183,183,183,183,183,183,183,183,183,183,183,183,183,183,183,183,183,183,183,183,183,183,183,
213,213,213,213,213,213,213,213,213,213,213,213,213,213,213,213,213,213,213,213,213,213,213,213,213,213,213,213,213,213,213,213,213,213,213,213,213,213,213,213,213,213,213,213,213,213,213,213,213,213,213,213,213,213,213,213,213,213,213,213,213,213,213,213,
213,213,213,213,213,213,213,213,213,213,213,213,213,213,213,213,213,213,213,213,213,213,213,213,213,213,213,213,213,213,213,213,213,213,213,213,213,213,213,213,760,760,213,223,213,213,213,213,213,213,213,213,213,213,213,223,213,213,213,213,213,213,213,213,
213,213,213,213,213,213,213,213,213,213,213,213,213,213,213,213,213,213,213,213,213,223,213,213,213,213,213,213,213,213,213,213,213,213,213,213,213,213,213,213,213,213,213,213,213,213,213,213,213,213,213,213,213,213,213,223,223,213,223,223,213,213,213,213,
213,213,213,213,213,213,223,213,223,213,213,213,213,213,213,213,213,213,213,213,213,213,213,213,213,213,213,213,213,213,213,213,213,213,213,213,213,213,213,213,223,213,213,213,213,213,213,213,213,213,213,213,213,213,213,213,213,213,213,213,223,213,213,213,
213,223,223,213,213,213,213,213,213,213,213,223,223,213,213,213,213,213,213,213,213,213,213,213,213,213,213,213,213,213,223,223,223,223,223,223,223,213,213,223,223,213,213,213,213,213,760,213,213,213,213,213,213,213,213,213,213,213,223,223,213,213,213,213,
213,213,213,213,213,213,213,213,213,213,213,213,213,213,213,213,213,213,213,213,213,223,223,223,213,213,213,223,223,223,213,213,213,213,213,213,213,213,213,213,213,213,213,213,213,213,213,213,213,213,213,213,213,213,213,213,223,223,223,213,213,213,213,213,
213,213,213,213,213,213,213,213,213,213,213,213,223,223,223,223,223,213,213,213,213,213,213,213,213,760,213,213,213,213,213,213,213,213,213,213,213,213,213,213,213,213,213,213,213,213,213,213,213,213,213,213,213,760,213,213,213,213,213,213,213,213,213,213,
213,213,213,213,213,213,213,213,213,213,213,213,213,213,213,213,213,213,213,760,213,213,760,760,213,213,213,213,213,213,213,213,213,213,213,213,213,213,213,213,213,213,213,213,213,213,213,213,213,213,213,213,213,213,213,213,213,213,213,213,213,213,213,213,
213,213,213,213,213,213,213,213,213,213,213,213,213,213,213,213,213,213,760,760,760,760,213,213,213,213,213,213,213,213,213,213,213,213,213,213,213,223,213,213,213,223,223,213,213,213,213,213,213,213,213,213,213,213,213,760,213,213,213,213,213,213,213,213,
213,213,213,213,213,213,213,213,213,213,213,213,213,213,213,213,213,213,213,213,213,213,213,213,213,213,213,213,213,213,213,213,213,213,223,223,223,213,213,213,213,213,223,223,213,223,223,223,213,213,213,213,213,213,213,223,213,213,213,213,213,213,213,213,
213,213,213,213,213,213,213,213,213,213,213,213,213,213,213,213,213,213,213,213,213,213,213,213,213,223,213,213,213,223,223,223,223,223,213,213,213,213,213,213,213,213,213,213,213,213,213,223,223,223,213,213,213,213,213,213,213,213,213,213,213,213,213,213

[Entity]
# Player
type=Player
location=0,50,0,0

[Entity]
# NPC
type=NPC
location=61,31,0,0

[Entity]
# Bomb
type=Bomb
location=2,50,0,0

[Entity]
# Bee
type=Bee
location=11,39,0,0

[Entity]
# Bee
type=Bee
location=30,33,0,0

[Entity]
# Bee
type=Bee
location=45,29,0,0

[Entity]
# Bee
type=Bee
location=39,14,0,0

[Entity]
# Boss
type=Boss
location=59,51,0,0

[Entity]
# Switch_0
type=Switch_0
location=29,13,0,0

