[header]
width=26
height=26
tilewidth=22
tileheight=22
orientation=orthogonal

[tilesets]
tileset=spritesheet_rgba.png,22,22,0,0

[layer]
type=块层 1
data=
0,0,0,0,0,0,0,0,0,0,0,0,0,0,0,0,0,0,0,0,0,0,0,0,0,0,
0,0,0,0,0,0,0,0,0,0,0,0,0,0,0,0,0,0,0,0,0,0,0,0,0,0,
0,0,0,0,0,0,0,0,0,0,0,0,0,0,0,0,0,0,0,0,0,0,0,0,0,0,
0,0,0,0,0,0,0,0,0,0,0,0,0,0,0,0,0,0,0,0,0,0,0,0,0,0,
0,0,0,0,0,0,0,0,0,0,0,0,0,0,0,0,0,0,0,0,0,0,0,0,0,0,
0,0,0,0,0,0,0,0,0,0,0,0,0,0,0,0,0,0,0,0,0,0,0,0,0,0,
0,0,0,0,0,0,0,0,0,0,0,0,0,0,0,0,0,0,0,0,0,0,0,0,0,0,
0,0,0,0,0,0,497,497,0,0,0,0,497,497,0,0,0,0,497,497,0,0,0,0,0,0,
0,0,0,0,0,0,0,0,0,0,0,0,0,0,0,0,0,0,0,0,0,0,0,0,0,0,
0,0,0,0,497,0,0,0,0,497,497,0,0,0,0,497,497,0,0,0,0,497,0,0,0,0,
0,0,0,0,0,497,0,0,0,0,0,0,0,0,0,0,0,0,0,0,497,0,0,0,0,0,
0,0,0,0,0,0,497,0,0,0,0,0,0,0,0,0,0,0,0,497,0,0,0,0,0,0,
0,0,0,0,0,0,0,0,0,0,0,0,0,0,0,0,0,0,0,0,0,0,0,0,0,0,
0,0,0,0,0,0,0,0,497,497,497,0,0,0,0,497,497,497,0,0,0,0,0,0,0,0,
0,0,0,0,0,0,0,497,0,0,0,0,0,0,0,0,0,0,497,0,0,0,0,0,0,0,
0,0,0,0,0,0,0,0,0,0,0,497,0,0,497,0,0,0,0,0,0,0,0,0,0,0,
0,0,0,0,0,497,0,0,0,0,0,0,0,0,0,0,0,0,0,0,497,0,0,0,0,0,
0,0,0,0,497,0,0,0,0,0,0,0,497,497,0,0,0,0,0,0,0,497,0,0,0,0,
0,0,0,0,0,0,0,0,0,0,0,0,0,0,0,0,0,0,0,0,0,0,0,0,0,0,
0,0,497,0,0,0,0,0,0,0,0,0,0,0,0,0,0,0,0,0,0,0,0,497,0,0,
0,0,0,497,0,0,0,0,0,0,0,0,0,0,0,0,0,0,0,0,0,0,497,0,0,0,
499,499,499,499,499,499,499,499,499,499,499,499,499,499,499,499,499,499,499,499,499,499,499,499,499,499,
529,529,529,529,529,529,529,529,529,529,529,529,529,529,529,529,529,529,529,529,529,529,529,529,529,529,
529,529,529,529,529,529,529,529,529,529,529,529,529,529,529,529,529,529,529,529,529,529,529,529,529,529,
529,529,529,529,529,529,529,529,529,529,529,529,529,529,529,529,529,529,529,529,529,529,529,529,529,529,
529,529,529,529,529,529,529,529,529,529,529,529,529,529,529,529,529,529,529,529,529,529,529,529,529,529

[Entity]
# Player
type=Player
location=0,18,0,0

[Entity]
# Player_2
type=Player_2
location=24,19,0,0

