[header]
width=26
height=26
tilewidth=22
tileheight=22
orientation=orthogonal

[tilesets]
tileset=spritesheet_rgba.png,22,22,0,0

[layer]
type=块层 1
data=
0,0,0,0,0,0,0,0,0,0,0,0,0,0,0,0,0,0,0,0,0,0,0,0,0,0,
0,0,0,0,0,0,0,0,0,0,0,0,0,0,0,0,0,0,0,0,0,0,0,0,0,0,
0,0,0,0,0,0,0,0,0,0,0,0,0,0,0,0,0,0,0,0,0,0,0,0,0,0,
0,0,0,0,0,0,0,0,0,0,0,0,0,0,0,0,0,0,0,0,0,0,0,0,0,0,
0,0,0,0,0,0,0,0,0,0,0,0,0,0,0,0,0,0,0,0,0,0,0,0,0,0,
0,0,0,0,0,0,0,0,0,0,0,0,0,0,0,0,0,0,0,0,0,0,0,0,0,0,
0,0,123,0,0,0,0,0,0,0,0,0,0,0,0,0,0,0,0,0,0,0,123,0,0,0,
0,0,0,123,0,0,0,0,0,0,0,0,0,0,0,0,0,0,0,0,0,123,0,0,0,0,
0,0,0,0,0,0,0,0,0,0,0,0,0,0,0,0,0,0,0,0,0,0,0,0,0,0,
0,0,0,0,0,123,0,0,0,0,123,123,123,123,123,0,0,0,0,123,0,0,0,0,0,0,
0,0,0,0,0,0,123,0,0,0,0,0,0,0,0,0,0,0,123,0,0,0,0,0,0,0,
0,0,0,0,0,0,0,0,0,0,0,0,0,0,0,0,0,0,0,0,0,0,0,0,0,0,
0,0,0,0,0,0,0,0,123,0,0,0,0,0,0,0,123,0,0,0,0,0,0,0,0,0,
0,0,0,0,0,0,0,0,0,123,0,0,0,0,0,123,0,0,0,0,0,0,0,0,0,0,
0,0,0,0,0,0,0,0,0,0,0,0,0,0,0,0,0,0,0,0,0,0,0,0,0,0,
0,0,0,0,0,0,0,0,0,0,0,123,123,123,0,0,0,0,0,0,0,0,0,0,0,0,
0,0,0,0,0,0,0,0,0,0,123,0,0,0,123,0,0,0,0,0,0,0,0,0,0,0,
0,0,0,0,0,0,0,0,0,0,0,0,0,0,0,0,0,0,0,0,0,0,0,0,0,0,
0,0,0,123,123,123,123,123,123,123,0,0,0,0,0,123,123,123,123,123,123,123,123,0,0,0,
0,0,123,0,0,0,0,0,0,0,0,0,0,0,0,0,0,0,0,0,0,0,0,123,0,0,
0,0,0,0,0,0,0,0,0,0,0,123,123,123,0,0,0,0,0,0,0,0,0,0,0,0,
123,123,123,123,123,123,123,123,123,123,123,123,123,123,123,123,123,123,123,123,123,123,123,123,123,123,
155,155,155,155,155,155,155,155,155,155,155,155,155,155,155,155,155,155,155,155,155,155,155,155,155,155,
155,155,155,155,155,155,155,155,155,155,155,155,155,155,155,155,155,155,155,155,155,155,155,155,155,155,
155,155,155,155,155,155,155,155,155,155,155,155,155,155,155,155,155,155,155,155,155,155,155,155,155,155,
155,155,155,155,155,155,155,155,155,155,155,155,155,155,155,155,155,155,155,155,155,155,155,155,155,155

[Entity]
# Player
type=Player
location=0,20,0,0

[Entity]
# Player_2
type=Player_2
location=24,20,0,0

